12 08 48 0a 01 06 80 00 80 00 07 7f 00 00 00 00 00 00 00 00 00 00 00 00 00 00 00 00 00 00 00 00 00 00 00 00 00 00 00 00 $
12 09 49 0a 01 06 80 00 80 00 00 00 00 00 00 00 00 00 00 00 00 00 00 00 00 00 00 00 00 00 00 00 00 00 00 00 00 00 00 00 $
12 0a 44 0a 01 0c 00 01 07 7f 80 00 03 80 00 ff ff 00 80 ff ff 00 00 00 00 00 00 00 00 00 00 00 00 00 00 00 00 00 00 00 $
12 0b 49 0a 01 0c 00 01 80 00 00 00 00 00 00 00 00 00 00 00 00 00 00 00 00 00 00 00 00 00 00 00 00 00 00 00 00 00 00 00 $
12 0c 49 0a 01 0c 00 01 40 00 00 00 00 00 00 00 00 00 00 00 00 00 00 00 00 00 00 00 00 00 00 00 00 00 00 00 00 00 00 00 $
12 0d 49 0a 01 0c 00 01 10 00 00 00 00 00 00 00 00 00 00 00 00 00 00 00 00 00 00 00 00 00 00 00 00 00 00 00 00 00 00 00 $
12 0e 49 0a 01 0c 00 01 02 00 00 00 00 00 00 00 00 00 00 00 00 00 00 00 00 00 00 00 00 00 00 00 00 00 00 00 00 00 00 00 $
12 0f 44 0a 01 0c 00 02 0f ff ff ff 02 ff ff ff ff 00 81 ff ff 00 00 00 00 00 00 00 00 00 00 00 00 00 00 00 00 00 00 00 $
12 10 49 0a 01 0c 00 02 80 00 00 00 00 00 00 00 00 00 00 00 00 00 00 00 00 00 00 00 00 00 00 00 00 00 00 00 00 00 00 00 $
12 11 49 0a 01 0c 00 02 20 00 00 00 00 00 00 00 00 00 00 00 00 00 00 00 00 00 00 00 00 00 00 00 00 00 00 00 00 00 00 00 $
12 12 49 0a 01 0c 00 02 02 00 00 00 00 00 00 00 00 00 00 00 00 00 00 00 00 00 00 00 00 00 00 00 00 00 00 00 00 00 00 00 $
12 13 44 0a 01 10 00 01 0f ff 00 00 00 00 00 00 00 00 00 00 00 00 00 00 00 00 00 00 00 00 00 00 00 00 00 00 00 00 00 00 $
12 14 49 0a 01 10 00 01 80 00 00 00 00 00 00 00 00 00 00 00 00 00 00 00 00 00 00 00 00 00 00 00 00 00 00 00 00 00 00 00 $
12 15 44 0a 00 2d 00 01 00 00 00 00 00 06 00 01 00 04 00 00 00 00 00 01 2c 00 00 00 00 00 00 00 00 00 00 00 00 00 00 00 $
12 16 44 0a 00 82 00 01 ff ff ff ff ff ff ff ff ff ff ff ff ff ff ff ff ff ff 01 00 00 00 00 00 00 00 00 00 00 00 00 00 $
12 17 44 0a 01 0a 00 01 00 01 05 00 01 00 00 00 01 00 00 00 00 00 00 00 00 00 00 00 00 00 00 00 00 00 00 00 00 00 00 00 $
12 18 49 0a 01 0a 00 01 80 00 00 00 00 00 00 00 00 00 00 00 00 00 00 00 00 00 00 00 00 00 00 00 00 00 00 00 00 00 00 00 $
12 19 49 0a 01 0a 00 01 20 00 00 00 00 00 00 00 00 00 00 00 00 00 00 00 00 00 00 00 00 00 00 00 00 00 00 00 00 00 00 00 $
12 1a 49 0a 01 0a 00 01 02 00 00 00 00 00 00 00 00 00 00 00 00 00 00 00 00 00 00 00 00 00 00 00 00 00 00 00 00 00 00 00 $
12 1b 44 0a 01 19 00 01 00 02 01 00 00 00 00 00 00 00 00 00 00 00 00 00 00 00 00 00 00 00 00 00 00 00 00 00 00 00 00 00 $
12 1c 49 0a 01 19 00 01 80 00 00 00 00 00 00 00 00 00 00 00 00 00 00 00 00 00 00 00 00 00 00 00 00 00 00 00 00 00 00 00 $
12 1d 48 0a 01 19 00 01 00 80 0f ff 00 00 e0 00 00 00 ef ff ff ff 00 00 00 00 00 00 00 00 00 00 00 00 00 00 00 00 00 00 $
12 1e 49 0a 01 19 00 01 00 80 00 00 00 00 00 00 00 00 00 00 00 00 00 00 00 00 00 00 00 00 00 00 00 00 00 00 00 00 00 00 $
12 1f 1A 0a 01 19 00 01 00 80 00 00 00 00 00 00 00 00 00 00 00 00 00 00 00 00 00 00 00 00 00 00 00 00 00 00 00 00 00 00 $
12 20 44 0a 00 2f 00 01 00 01 01 03 00 01 00 00 00 01 00 01 00 00 00 00 00 00 00 00 00 00 00 00 00 00 00 00 00 00 00 00 $
12 21 49 0a 00 2f 00 01 80 00 00 00 00 00 00 00 00 00 00 00 00 00 00 00 00 00 00 00 00 00 00 00 00 00 00 00 00 00 00 00 $
12 22 49 0a 00 2f 00 01 40 00 00 00 00 00 00 00 00 00 00 00 00 00 00 00 00 00 00 00 00 00 00 00 00 00 00 00 00 00 00 00 $
12 23 49 0a 00 2f 00 01 20 00 00 00 00 00 00 00 00 00 00 00 00 00 00 00 00 00 00 00 00 00 00 00 00 00 00 00 00 00 00 00 $
12 24 49 0a 00 2f 00 01 10 00 00 00 00 00 00 00 00 00 00 00 00 00 00 00 00 00 00 00 00 00 00 00 00 00 00 00 00 00 00 00 $
12 25 44 0a 00 2f 00 02 00 01 02 06 00 01 00 00 00 01 00 01 00 00 00 00 00 00 00 00 00 00 00 00 00 00 00 00 00 00 00 00 $
12 26 49 0a 00 2f 00 02 80 00 00 00 00 00 00 00 00 00 00 00 00 00 00 00 00 00 00 00 00 00 00 00 00 00 00 00 00 00 00 00 $
12 27 49 0a 00 2f 00 02 40 00 00 00 00 00 00 00 00 00 00 00 00 00 00 00 00 00 00 00 00 00 00 00 00 00 00 00 00 00 00 00 $
12 28 49 0a 00 2f 00 02 20 00 00 00 00 00 00 00 00 00 00 00 00 00 00 00 00 00 00 00 00 00 00 00 00 00 00 00 00 00 00 00 $
12 29 49 0a 00 2f 00 02 10 00 00 00 00 00 00 00 00 00 00 00 00 00 00 00 00 00 00 00 00 00 00 00 00 00 00 00 00 00 00 00 $
12 2a 48 0a 00 82 00 01 7f 80 00 01 00 01 00 01 00 01 00 01 00 01 00 01 00 01 00 00 00 00 00 00 00 00 00 00 00 00 00 00 $
12 2b 49 0a 00 82 00 01 40 00 00 00 00 00 00 00 00 00 00 00 00 00 00 00 00 00 00 00 00 00 00 00 00 00 00 00 00 00 00 00 $
12 2c 49 0a 00 82 00 01 20 00 00 00 00 00 00 00 00 00 00 00 00 00 00 00 00 00 00 00 00 00 00 00 00 00 00 00 00 00 00 00 $
12 2d 49 0a 00 82 00 01 10 00 00 00 00 00 00 00 00 00 00 00 00 00 00 00 00 00 00 00 00 00 00 00 00 00 00 00 00 00 00 00 $
12 2e 49 0a 00 82 00 01 08 00 00 00 00 00 00 00 00 00 00 00 00 00 00 00 00 00 00 00 00 00 00 00 00 00 00 00 00 00 00 00 $
12 2f 49 0a 00 82 00 01 04 00 00 00 00 00 00 00 00 00 00 00 00 00 00 00 00 00 00 00 00 00 00 00 00 00 00 00 00 00 00 00 $
12 30 49 0a 00 82 00 01 02 00 00 00 00 00 00 00 00 00 00 00 00 00 00 00 00 00 00 00 00 00 00 00 00 00 00 00 00 00 00 00 $
12 31 49 0a 00 82 00 01 01 00 00 00 00 00 00 00 00 00 00 00 00 00 00 00 00 00 00 00 00 00 00 00 00 00 00 00 00 00 00 00 $
12 32 49 0a 00 82 00 01 00 80 00 00 00 00 00 00 00 00 00 00 00 00 00 00 00 00 00 00 00 00 00 00 00 00 00 00 00 00 00 00 $
12 33 44 0a 00 2f 00 03 00 01 03 01 01 01 00 00 00 01 00 01 00 00 00 00 00 00 00 00 00 00 00 00 00 00 00 00 00 00 00 00 $
12 34 49 0a 00 2f 00 03 80 00 00 00 00 00 00 00 00 00 00 00 00 00 00 00 00 00 00 00 00 00 00 00 00 00 00 00 00 00 00 00 $
12 35 49 0a 00 2f 00 03 40 00 00 00 00 00 00 00 00 00 00 00 00 00 00 00 00 00 00 00 00 00 00 00 00 00 00 00 00 00 00 00 $
12 36 49 0a 00 2f 00 03 20 00 00 00 00 00 00 00 00 00 00 00 00 00 00 00 00 00 00 00 00 00 00 00 00 00 00 00 00 00 00 00 $
12 37 49 0a 00 2f 00 03 10 00 00 00 00 00 00 00 00 00 00 00 00 00 00 00 00 00 00 00 00 00 00 00 00 00 00 00 00 00 00 00 $
12 38 44 0a 00 ab 00 01 02 01 01 00 00 00 00 00 00 00 00 00 00 00 00 00 00 00 00 00 00 00 00 00 00 00 00 00 00 00 00 00 $
12 39 49 0a 00 ab 00 01 02 00 00 00 00 00 00 00 00 00 00 00 00 00 00 00 00 00 00 00 00 00 00 00 00 00 00 00 00 00 00 00 $
12 3a 48 0a 00 ab 00 01 38 00 81 00 88 a8 00 00 00 00 00 00 00 00 00 00 00 00 00 00 00 00 00 00 00 00 00 00 00 00 00 00 $
12 3b 49 0a 00 ab 00 01 20 00 00 00 00 00 00 00 00 00 00 00 00 00 00 00 00 00 00 00 00 00 00 00 00 00 00 00 00 00 00 00 $
12 3c 49 0a 00 ab 00 01 10 00 00 00 00 00 00 00 00 00 00 00 00 00 00 00 00 00 00 00 00 00 00 00 00 00 00 00 00 00 00 00 $
12 3d 49 0a 00 ab 00 01 08 00 00 00 00 00 00 00 00 00 00 00 00 00 00 00 00 00 00 00 00 00 00 00 00 00 00 00 00 00 00 00 $
12 3e 44 0a 01 35 00 01 03 00 00 00 00 00 00 00 00 00 00 00 00 00 00 00 00 00 00 00 00 00 00 00 00 00 00 00 00 00 00 00 $
12 3f 48 0a 01 35 00 01 02 00 40 00 0f ff 07 ff 80 00 00 01 e0 04 05 01 e0 04 05 01 00 00 00 00 00 00 00 00 00 00 00 00 $
12 40 49 0a 01 35 00 01 02 00 00 00 00 00 00 00 00 00 00 00 00 00 00 00 00 00 00 00 00 00 00 00 00 00 00 00 00 00 00 00 $
12 41 1A 0a 01 35 00 01 02 00 00 00 00 00 00 00 00 00 00 00 00 00 00 00 00 00 00 00 00 00 00 00 00 00 00 00 00 00 00 00 $
12 42 48 0a 01 35 00 01 02 00 40 01 0f ff 07 ff 80 00 00 03 e0 04 05 03 e0 04 05 03 00 00 00 00 00 00 00 00 00 00 00 00 $
12 43 49 0a 01 35 00 01 02 00 00 00 00 00 00 00 00 00 00 00 00 00 00 00 00 00 00 00 00 00 00 00 00 00 00 00 00 00 00 00 $
12 44 1A 0a 01 35 00 01 02 00 00 00 00 00 00 00 00 00 00 00 00 00 00 00 00 00 00 00 00 00 00 00 00 00 00 00 00 00 00 00 $
12 45 1A 0a 01 35 00 01 02 00 00 01 00 00 00 00 00 00 00 00 00 00 00 00 00 00 00 00 00 00 00 00 00 00 00 00 00 00 00 00 $
12 46 48 0a 01 35 00 01 02 00 40 02 0f ff 08 00 80 00 00 04 e0 04 05 05 e0 04 05 05 00 00 00 00 00 00 00 00 00 00 00 00 $
12 47 49 0a 01 35 00 01 02 00 00 00 00 00 00 00 00 00 00 00 00 00 00 00 00 00 00 00 00 00 00 00 00 00 00 00 00 00 00 00 $
12 48 1A 0a 01 35 00 01 02 00 00 00 00 00 00 00 00 00 00 00 00 00 00 00 00 00 00 00 00 00 00 00 00 00 00 00 00 00 00 00 $
12 49 1A 0a 01 35 00 01 02 00 00 01 00 00 00 00 00 00 00 00 00 00 00 00 00 00 00 00 00 00 00 00 00 00 00 00 00 00 00 00 $
12 4a 1A 0a 01 35 00 01 02 00 00 02 00 00 00 00 00 00 00 00 00 00 00 00 00 00 00 00 00 00 00 00 00 00 00 00 00 00 00 00 $
12 4b 44 0a 01 36 00 03 00 00 01 00 00 00 00 00 00 00 00 00 00 00 00 00 00 00 00 00 00 00 00 00 00 00 00 00 00 00 00 00 $
12 4c 49 0a 01 36 00 03 40 00 00 00 00 00 00 00 00 00 00 00 00 00 00 00 00 00 00 00 00 00 00 00 00 00 00 00 00 00 00 00 $
12 4d 48 0a 00 0b 01 01 08 00 00 00 00 00 00 00 00 00 00 00 00 00 00 00 00 00 00 00 00 00 00 00 00 00 00 00 00 00 00 00 $
12 4e 49 0a 00 0b 01 01 08 00 00 00 00 00 00 00 00 00 00 00 00 00 00 00 00 00 00 00 00 00 00 00 00 00 00 00 00 00 00 00 $
