INFOR[1691] omci.c:706 -> Tid(0x1208)|262@32768(0x8000)|MsgType(8)|DeviceID(0x0A)|AR|size(001)|low|
|80 00 07 7f 00 00 00 00 00 00 00 00 00 00 00 00 00 00 00 00 00 00 00 00 00 00 00 00 00 00 00 00|
INFOR[1695] omci.c:468 <- Tid(0x1208)|262@32768(0x8000)|MsgType(8)|size(001)|OutLow
|00 00 00 00 00 00 00 00 00 00 00 00 00 00 00 00 00 00 00 00 00 00 00 00 00 00 00 00 00 00 00 00|
INFOR[1691] omci.c:706 -> Tid(0x1209)|262@32768(0x8000)|MsgType(9)|DeviceID(0x0A)|AR|size(001)|low|
|80 00 00 00 00 00 00 00 00 00 00 00 00 00 00 00 00 00 00 00 00 00 00 00 00 00 00 00 00 00 00 00|
INFOR[1695] omci.c:468 <- Tid(0x1209)|262@32768(0x8000)|MsgType(9)|size(001)|OutLow
|00 80 00 07 7f 00 00 00 00 00 00 00 00 00 00 00 00 00 00 00 00 00 00 00 00 00 00 00 00 00 00 00|
INFOR[1691] omci.c:706 -> Tid(0x120a)|268@1(0x1)|MsgType(4)|DeviceID(0x0A)|AR|size(001)|low|
|07 7f 80 00 03 80 00 ff ff 00 80 ff ff 00 00 00 00 00 00 00 00 00 00 00 00 00 00 00 00 00 00 00|
INFOR[1695] omci.c:468 <- Tid(0x120a)|268@1(0x1)|MsgType(4)|size(001)|OutLow
|00 00 00 00 00 00 00 00 00 00 00 00 00 00 00 00 00 00 00 00 00 00 00 00 00 00 00 00 00 00 00 00|
INFOR[1691] omci.c:706 -> Tid(0x120b)|268@1(0x1)|MsgType(9)|DeviceID(0x0A)|AR|size(001)|low|
|80 00 00 00 00 00 00 00 00 00 00 00 00 00 00 00 00 00 00 00 00 00 00 00 00 00 00 00 00 00 00 00|
INFOR[1695] omci.c:468 <- Tid(0x120b)|268@1(0x1)|MsgType(9)|size(001)|OutLow
|00 80 00 07 7f 00 00 00 00 00 00 00 00 00 00 00 00 00 00 00 00 00 00 00 00 00 00 00 00 00 00 00|
INFOR[1691] omci.c:706 -> Tid(0x120c)|268@1(0x1)|MsgType(9)|DeviceID(0x0A)|AR|size(001)|low|
|40 00 00 00 00 00 00 00 00 00 00 00 00 00 00 00 00 00 00 00 00 00 00 00 00 00 00 00 00 00 00 00|
INFOR[1695] omci.c:468 <- Tid(0x120c)|268@1(0x1)|MsgType(9)|size(001)|OutLow
|00 40 00 80 00 00 00 00 00 00 00 00 00 00 00 00 00 00 00 00 00 00 00 00 00 00 00 00 00 00 00 00|
INFOR[1691] omci.c:706 -> Tid(0x120d)|268@1(0x1)|MsgType(9)|DeviceID(0x0A)|AR|size(001)|low|
|10 00 00 00 00 00 00 00 00 00 00 00 00 00 00 00 00 00 00 00 00 00 00 00 00 00 00 00 00 00 00 00|
INFOR[1695] omci.c:468 <- Tid(0x120d)|268@1(0x1)|MsgType(9)|size(001)|OutLow
|00 10 00 80 00 00 00 00 00 00 00 00 00 00 00 00 00 00 00 00 00 00 00 00 00 00 00 00 00 00 00 00|
INFOR[1691] omci.c:706 -> Tid(0x120e)|268@1(0x1)|MsgType(9)|DeviceID(0x0A)|AR|size(001)|low|
|02 00 00 00 00 00 00 00 00 00 00 00 00 00 00 00 00 00 00 00 00 00 00 00 00 00 00 00 00 00 00 00|
INFOR[1695] omci.c:468 <- Tid(0x120e)|268@1(0x1)|MsgType(9)|size(001)|OutLow
|00 02 00 00 80 00 00 00 00 00 00 00 00 00 00 00 00 00 00 00 00 00 00 00 00 00 00 00 00 00 00 00|
INFOR[1691] omci.c:706 -> Tid(0x120f)|268@2(0x2)|MsgType(4)|DeviceID(0x0A)|AR|size(001)|low|
|0f ff ff ff 02 ff ff ff ff 00 81 ff ff 00 00 00 00 00 00 00 00 00 00 00 00 00 00 00 00 00 00 00|
INFOR[1695] omci.c:468 <- Tid(0x120f)|268@2(0x2)|MsgType(4)|size(001)|OutLow
|00 00 00 00 00 00 00 00 00 00 00 00 00 00 00 00 00 00 00 00 00 00 00 00 00 00 00 00 00 00 00 00|
INFOR[1691] omci.c:706 -> Tid(0x1210)|268@2(0x2)|MsgType(9)|DeviceID(0x0A)|AR|size(001)|low|
|80 00 00 00 00 00 00 00 00 00 00 00 00 00 00 00 00 00 00 00 00 00 00 00 00 00 00 00 00 00 00 00|
INFOR[1695] omci.c:468 <- Tid(0x1210)|268@2(0x2)|MsgType(9)|size(001)|OutLow
|00 80 00 0f ff 00 00 00 00 00 00 00 00 00 00 00 00 00 00 00 00 00 00 00 00 00 00 00 00 00 00 00|
INFOR[1691] omci.c:706 -> Tid(0x1211)|268@2(0x2)|MsgType(9)|DeviceID(0x0A)|AR|size(001)|low|
|20 00 00 00 00 00 00 00 00 00 00 00 00 00 00 00 00 00 00 00 00 00 00 00 00 00 00 00 00 00 00 00|
INFOR[1695] omci.c:468 <- Tid(0x1211)|268@2(0x2)|MsgType(9)|size(001)|OutLow
|00 20 00 02 00 00 00 00 00 00 00 00 00 00 00 00 00 00 00 00 00 00 00 00 00 00 00 00 00 00 00 00|
INFOR[1691] omci.c:706 -> Tid(0x1212)|268@2(0x2)|MsgType(9)|DeviceID(0x0A)|AR|size(001)|low|
|02 00 00 00 00 00 00 00 00 00 00 00 00 00 00 00 00 00 00 00 00 00 00 00 00 00 00 00 00 00 00 00|
INFOR[1695] omci.c:468 <- Tid(0x1212)|268@2(0x2)|MsgType(9)|size(001)|OutLow
|00 02 00 00 81 00 00 00 00 00 00 00 00 00 00 00 00 00 00 00 00 00 00 00 00 00 00 00 00 00 00 00|
INFOR[1691] omci.c:706 -> Tid(0x1213)|272@1(0x1)|MsgType(4)|DeviceID(0x0A)|AR|size(001)|low|
|0f ff 00 00 00 00 00 00 00 00 00 00 00 00 00 00 00 00 00 00 00 00 00 00 00 00 00 00 00 00 00 00|
INFOR[1695] omci.c:468 <- Tid(0x1213)|272@1(0x1)|MsgType(4)|size(001)|OutLow
|00 00 00 00 00 00 00 00 00 00 00 00 00 00 00 00 00 00 00 00 00 00 00 00 00 00 00 00 00 00 00 00|
INFOR[1691] omci.c:706 -> Tid(0x1214)|272@1(0x1)|MsgType(9)|DeviceID(0x0A)|AR|size(001)|low|
|80 00 00 00 00 00 00 00 00 00 00 00 00 00 00 00 00 00 00 00 00 00 00 00 00 00 00 00 00 00 00 00|
INFOR[1695] omci.c:468 <- Tid(0x1214)|272@1(0x1)|MsgType(9)|size(001)|OutLow
|00 80 00 0f ff 00 00 00 00 00 00 00 00 00 00 00 00 00 00 00 00 00 00 00 00 00 00 00 00 00 00 00|
INFOR[1691] omci.c:706 -> Tid(0x1215)|45@1(0x1)|MsgType(4)|DeviceID(0x0A)|AR|size(001)|low|
|00 00 00 00 00 06 00 01 00 04 00 00 00 00 00 01 2c 00 00 00 00 00 00 00 00 00 00 00 00 00 00 00|
INFOR[1695] omci.c:468 <- Tid(0x1215)|45@1(0x1)|MsgType(4)|size(001)|OutLow
|00 00 00 00 00 00 00 00 00 00 00 00 00 00 00 00 00 00 00 00 00 00 00 00 00 00 00 00 00 00 00 00|
INFOR[1691] omci.c:706 -> Tid(0x1216)|130@1(0x1)|MsgType(4)|DeviceID(0x0A)|AR|size(001)|low|
|ff ff ff ff ff ff ff ff ff ff ff ff ff ff ff ff ff ff 01 00 00 00 00 00 00 00 00 00 00 00 00 00|
INFOR[1695] omci.c:468 <- Tid(0x1216)|130@1(0x1)|MsgType(4)|size(001)|OutLow
|00 00 00 00 00 00 00 00 00 00 00 00 00 00 00 00 00 00 00 00 00 00 00 00 00 00 00 00 00 00 00 00|
INFOR[1691] omci.c:706 -> Tid(0x1217)|266@1(0x1)|MsgType(4)|DeviceID(0x0A)|AR|size(001)|low|
|00 01 05 00 01 00 00 00 01 00 00 00 00 00 00 00 00 00 00 00 00 00 00 00 00 00 00 00 00 00 00 00|
INFOR[1695] omci.c:468 <- Tid(0x1217)|266@1(0x1)|MsgType(4)|size(001)|OutLow
|00 00 00 00 00 00 00 00 00 00 00 00 00 00 00 00 00 00 00 00 00 00 00 00 00 00 00 00 00 00 00 00|
INFOR[1691] omci.c:706 -> Tid(0x1218)|266@1(0x1)|MsgType(9)|DeviceID(0x0A)|AR|size(001)|low|
|80 00 00 00 00 00 00 00 00 00 00 00 00 00 00 00 00 00 00 00 00 00 00 00 00 00 00 00 00 00 00 00|
INFOR[1695] omci.c:468 <- Tid(0x1218)|266@1(0x1)|MsgType(9)|size(001)|OutLow
|00 80 00 00 01 00 00 00 00 00 00 00 00 00 00 00 00 00 00 00 00 00 00 00 00 00 00 00 00 00 00 00|
INFOR[1691] omci.c:706 -> Tid(0x1219)|266@1(0x1)|MsgType(9)|DeviceID(0x0A)|AR|size(001)|low|
|20 00 00 00 00 00 00 00 00 00 00 00 00 00 00 00 00 00 00 00 00 00 00 00 00 00 00 00 00 00 00 00|
INFOR[1695] omci.c:468 <- Tid(0x1219)|266@1(0x1)|MsgType(9)|size(001)|OutLow
|00 20 00 00 01 00 00 00 00 00 00 00 00 00 00 00 00 00 00 00 00 00 00 00 00 00 00 00 00 00 00 00|
INFOR[1691] omci.c:706 -> Tid(0x121a)|266@1(0x1)|MsgType(9)|DeviceID(0x0A)|AR|size(001)|low|
|02 00 00 00 00 00 00 00 00 00 00 00 00 00 00 00 00 00 00 00 00 00 00 00 00 00 00 00 00 00 00 00|
INFOR[1695] omci.c:468 <- Tid(0x121a)|266@1(0x1)|MsgType(9)|size(001)|OutLow
|00 02 00 00 01 00 00 00 00 00 00 00 00 00 00 00 00 00 00 00 00 00 00 00 00 00 00 00 00 00 00 00|
INFOR[1691] omci.c:706 -> Tid(0x121b)|281@1(0x1)|MsgType(4)|DeviceID(0x0A)|AR|size(001)|low|
|00 02 01 00 00 00 00 00 00 00 00 00 00 00 00 00 00 00 00 00 00 00 00 00 00 00 00 00 00 00 00 00|
INFOR[1695] omci.c:468 <- Tid(0x121b)|281@1(0x1)|MsgType(4)|size(001)|OutLow
|00 00 00 00 00 00 00 00 00 00 00 00 00 00 00 00 00 00 00 00 00 00 00 00 00 00 00 00 00 00 00 00|
INFOR[1691] omci.c:706 -> Tid(0x121c)|281@1(0x1)|MsgType(9)|DeviceID(0x0A)|AR|size(001)|low|
|80 00 00 00 00 00 00 00 00 00 00 00 00 00 00 00 00 00 00 00 00 00 00 00 00 00 00 00 00 00 00 00|
INFOR[1695] omci.c:468 <- Tid(0x121c)|281@1(0x1)|MsgType(9)|size(001)|OutLow
|00 80 00 00 02 00 00 00 00 00 00 00 00 00 00 00 00 00 00 00 00 00 00 00 00 00 00 00 00 00 00 00|
INFOR[1691] omci.c:706 -> Tid(0x121d)|281@1(0x1)|MsgType(8)|DeviceID(0x0A)|AR|size(001)|low|
|00 80 0f ff 00 00 e0 00 00 00 ef ff ff ff 00 00 00 00 00 00 00 00 00 00 00 00 00 00 00 00 00 00|
INFOR[1695] omci.c:468 <- Tid(0x121d)|281@1(0x1)|MsgType(8)|size(001)|OutLow
|00 00 00 00 00 00 00 00 00 00 00 00 00 00 00 00 00 00 00 00 00 00 00 00 00 00 00 00 00 00 00 00|
INFOR[1691] omci.c:706 -> Tid(0x121e)|281@1(0x1)|MsgType(9)|DeviceID(0x0A)|AR|size(001)|low|
|00 80 00 00 00 00 00 00 00 00 00 00 00 00 00 00 00 00 00 00 00 00 00 00 00 00 00 00 00 00 00 00|
INFOR[1695] omci.c:468 <- Tid(0x121e)|281@1(0x1)|MsgType(9)|size(001)|OutLow
|00 00 80 00 00 00 0c 00 00 00 00 00 00 00 00 00 00 00 00 00 00 00 00 00 00 00 00 00 00 00 00 00|
INFOR[1691] omci.c:706 -> Tid(0x121f)|281@1(0x1)|MsgType(26)|DeviceID(0x0A)|AR|size(001)|low|
|00 80 00 00 00 00 00 00 00 00 00 00 00 00 00 00 00 00 00 00 00 00 00 00 00 00 00 00 00 00 00 00|
INFOR[1695] omci.c:468 <- Tid(0x121f)|281@1(0x1)|MsgType(26)|size(001)|OutLow
|00 00 80 0f ff 00 00 e0 00 00 00 ef ff ff ff 00 00 00 00 00 00 00 00 00 00 00 00 00 00 00 00 00|
INFOR[1691] omci.c:706 -> Tid(0x1220)|47@1(0x1)|MsgType(4)|DeviceID(0x0A)|AR|size(001)|low|
|00 01 01 03 00 01 00 00 00 01 00 01 00 00 00 00 00 00 00 00 00 00 00 00 00 00 00 00 00 00 00 00|
INFOR[1695] omci.c:468 <- Tid(0x1220)|47@1(0x1)|MsgType(4)|size(001)|OutLow
|00 00 00 00 00 00 00 00 00 00 00 00 00 00 00 00 00 00 00 00 00 00 00 00 00 00 00 00 00 00 00 00|
INFOR[1691] omci.c:706 -> Tid(0x1221)|47@1(0x1)|MsgType(9)|DeviceID(0x0A)|AR|size(001)|low|
|80 00 00 00 00 00 00 00 00 00 00 00 00 00 00 00 00 00 00 00 00 00 00 00 00 00 00 00 00 00 00 00|
INFOR[1695] omci.c:468 <- Tid(0x1221)|47@1(0x1)|MsgType(9)|size(001)|OutLow
|00 80 00 00 01 00 00 00 00 00 00 00 00 00 00 00 00 00 00 00 00 00 00 00 00 00 00 00 00 00 00 00|
INFOR[1691] omci.c:706 -> Tid(0x1222)|47@1(0x1)|MsgType(9)|DeviceID(0x0A)|AR|size(001)|low|
|40 00 00 00 00 00 00 00 00 00 00 00 00 00 00 00 00 00 00 00 00 00 00 00 00 00 00 00 00 00 00 00|
INFOR[1695] omci.c:468 <- Tid(0x1222)|47@1(0x1)|MsgType(9)|size(001)|OutLow
|00 40 00 01 00 00 00 00 00 00 00 00 00 00 00 00 00 00 00 00 00 00 00 00 00 00 00 00 00 00 00 00|
INFOR[1691] omci.c:706 -> Tid(0x1223)|47@1(0x1)|MsgType(9)|DeviceID(0x0A)|AR|size(001)|low|
|20 00 00 00 00 00 00 00 00 00 00 00 00 00 00 00 00 00 00 00 00 00 00 00 00 00 00 00 00 00 00 00|
INFOR[1695] omci.c:468 <- Tid(0x1223)|47@1(0x1)|MsgType(9)|size(001)|OutLow
|00 20 00 03 00 00 00 00 00 00 00 00 00 00 00 00 00 00 00 00 00 00 00 00 00 00 00 00 00 00 00 00|
INFOR[1691] omci.c:706 -> Tid(0x1224)|47@1(0x1)|MsgType(9)|DeviceID(0x0A)|AR|size(001)|low|
|10 00 00 00 00 00 00 00 00 00 00 00 00 00 00 00 00 00 00 00 00 00 00 00 00 00 00 00 00 00 00 00|
INFOR[1695] omci.c:468 <- Tid(0x1224)|47@1(0x1)|MsgType(9)|size(001)|OutLow
|00 10 00 00 01 00 00 00 00 00 00 00 00 00 00 00 00 00 00 00 00 00 00 00 00 00 00 00 00 00 00 00|
INFOR[1691] omci.c:706 -> Tid(0x1225)|47@2(0x2)|MsgType(4)|DeviceID(0x0A)|AR|size(001)|low|
|00 01 02 06 00 01 00 00 00 01 00 01 00 00 00 00 00 00 00 00 00 00 00 00 00 00 00 00 00 00 00 00|
INFOR[1695] omci.c:468 <- Tid(0x1225)|47@2(0x2)|MsgType(4)|size(001)|OutLow
|00 00 00 00 00 00 00 00 00 00 00 00 00 00 00 00 00 00 00 00 00 00 00 00 00 00 00 00 00 00 00 00|
INFOR[1691] omci.c:706 -> Tid(0x1226)|47@2(0x2)|MsgType(9)|DeviceID(0x0A)|AR|size(001)|low|
|80 00 00 00 00 00 00 00 00 00 00 00 00 00 00 00 00 00 00 00 00 00 00 00 00 00 00 00 00 00 00 00|
INFOR[1695] omci.c:468 <- Tid(0x1226)|47@2(0x2)|MsgType(9)|size(001)|OutLow
|00 80 00 00 01 00 00 00 00 00 00 00 00 00 00 00 00 00 00 00 00 00 00 00 00 00 00 00 00 00 00 00|
INFOR[1691] omci.c:706 -> Tid(0x1227)|47@2(0x2)|MsgType(9)|DeviceID(0x0A)|AR|size(001)|low|
|40 00 00 00 00 00 00 00 00 00 00 00 00 00 00 00 00 00 00 00 00 00 00 00 00 00 00 00 00 00 00 00|
INFOR[1695] omci.c:468 <- Tid(0x1227)|47@2(0x2)|MsgType(9)|size(001)|OutLow
|00 40 00 02 00 00 00 00 00 00 00 00 00 00 00 00 00 00 00 00 00 00 00 00 00 00 00 00 00 00 00 00|
INFOR[1691] omci.c:706 -> Tid(0x1228)|47@2(0x2)|MsgType(9)|DeviceID(0x0A)|AR|size(001)|low|
|20 00 00 00 00 00 00 00 00 00 00 00 00 00 00 00 00 00 00 00 00 00 00 00 00 00 00 00 00 00 00 00|
INFOR[1695] omci.c:468 <- Tid(0x1228)|47@2(0x2)|MsgType(9)|size(001)|OutLow
|00 20 00 06 00 00 00 00 00 00 00 00 00 00 00 00 00 00 00 00 00 00 00 00 00 00 00 00 00 00 00 00|
INFOR[1691] omci.c:706 -> Tid(0x1229)|47@2(0x2)|MsgType(9)|DeviceID(0x0A)|AR|size(001)|low|
|10 00 00 00 00 00 00 00 00 00 00 00 00 00 00 00 00 00 00 00 00 00 00 00 00 00 00 00 00 00 00 00|
INFOR[1695] omci.c:468 <- Tid(0x1229)|47@2(0x2)|MsgType(9)|size(001)|OutLow
|00 10 00 00 01 00 00 00 00 00 00 00 00 00 00 00 00 00 00 00 00 00 00 00 00 00 00 00 00 00 00 00|
INFOR[1691] omci.c:706 -> Tid(0x122a)|130@1(0x1)|MsgType(8)|DeviceID(0x0A)|AR|size(001)|low|
|7f 80 00 01 00 01 00 01 00 01 00 01 00 01 00 01 00 01 00 00 00 00 00 00 00 00 00 00 00 00 00 00|
INFOR[1695] omci.c:468 <- Tid(0x122a)|130@1(0x1)|MsgType(8)|size(001)|OutLow
|00 00 00 00 00 00 00 00 00 00 00 00 00 00 00 00 00 00 00 00 00 00 00 00 00 00 00 00 00 00 00 00|
INFOR[1691] omci.c:706 -> Tid(0x122b)|130@1(0x1)|MsgType(9)|DeviceID(0x0A)|AR|size(001)|low|
|40 00 00 00 00 00 00 00 00 00 00 00 00 00 00 00 00 00 00 00 00 00 00 00 00 00 00 00 00 00 00 00|
INFOR[1695] omci.c:468 <- Tid(0x122b)|130@1(0x1)|MsgType(9)|size(001)|OutLow
|00 40 00 00 01 00 00 00 00 00 00 00 00 00 00 00 00 00 00 00 00 00 00 00 00 00 00 00 00 00 00 00|
INFOR[1691] omci.c:706 -> Tid(0x122c)|130@1(0x1)|MsgType(9)|DeviceID(0x0A)|AR|size(001)|low|
|20 00 00 00 00 00 00 00 00 00 00 00 00 00 00 00 00 00 00 00 00 00 00 00 00 00 00 00 00 00 00 00|
INFOR[1695] omci.c:468 <- Tid(0x122c)|130@1(0x1)|MsgType(9)|size(001)|OutLow
|00 20 00 00 01 00 00 00 00 00 00 00 00 00 00 00 00 00 00 00 00 00 00 00 00 00 00 00 00 00 00 00|
INFOR[1691] omci.c:706 -> Tid(0x122d)|130@1(0x1)|MsgType(9)|DeviceID(0x0A)|AR|size(001)|low|
|10 00 00 00 00 00 00 00 00 00 00 00 00 00 00 00 00 00 00 00 00 00 00 00 00 00 00 00 00 00 00 00|
INFOR[1695] omci.c:468 <- Tid(0x122d)|130@1(0x1)|MsgType(9)|size(001)|OutLow
|00 10 00 00 01 00 00 00 00 00 00 00 00 00 00 00 00 00 00 00 00 00 00 00 00 00 00 00 00 00 00 00|
INFOR[1691] omci.c:706 -> Tid(0x122e)|130@1(0x1)|MsgType(9)|DeviceID(0x0A)|AR|size(001)|low|
|08 00 00 00 00 00 00 00 00 00 00 00 00 00 00 00 00 00 00 00 00 00 00 00 00 00 00 00 00 00 00 00|
INFOR[1695] omci.c:468 <- Tid(0x122e)|130@1(0x1)|MsgType(9)|size(001)|OutLow
|00 08 00 00 01 00 00 00 00 00 00 00 00 00 00 00 00 00 00 00 00 00 00 00 00 00 00 00 00 00 00 00|
INFOR[1691] omci.c:706 -> Tid(0x122f)|130@1(0x1)|MsgType(9)|DeviceID(0x0A)|AR|size(001)|low|
|04 00 00 00 00 00 00 00 00 00 00 00 00 00 00 00 00 00 00 00 00 00 00 00 00 00 00 00 00 00 00 00|
INFOR[1695] omci.c:468 <- Tid(0x122f)|130@1(0x1)|MsgType(9)|size(001)|OutLow
|00 04 00 00 01 00 00 00 00 00 00 00 00 00 00 00 00 00 00 00 00 00 00 00 00 00 00 00 00 00 00 00|
INFOR[1691] omci.c:706 -> Tid(0x1230)|130@1(0x1)|MsgType(9)|DeviceID(0x0A)|AR|size(001)|low|
|02 00 00 00 00 00 00 00 00 00 00 00 00 00 00 00 00 00 00 00 00 00 00 00 00 00 00 00 00 00 00 00|
INFOR[1695] omci.c:468 <- Tid(0x1230)|130@1(0x1)|MsgType(9)|size(001)|OutLow
|00 02 00 00 01 00 00 00 00 00 00 00 00 00 00 00 00 00 00 00 00 00 00 00 00 00 00 00 00 00 00 00|
INFOR[1691] omci.c:706 -> Tid(0x1231)|130@1(0x1)|MsgType(9)|DeviceID(0x0A)|AR|size(001)|low|
|01 00 00 00 00 00 00 00 00 00 00 00 00 00 00 00 00 00 00 00 00 00 00 00 00 00 00 00 00 00 00 00|
INFOR[1695] omci.c:468 <- Tid(0x1231)|130@1(0x1)|MsgType(9)|size(001)|OutLow
|00 01 00 00 01 00 00 00 00 00 00 00 00 00 00 00 00 00 00 00 00 00 00 00 00 00 00 00 00 00 00 00|
INFOR[1691] omci.c:706 -> Tid(0x1232)|130@1(0x1)|MsgType(9)|DeviceID(0x0A)|AR|size(001)|low|
|00 80 00 00 00 00 00 00 00 00 00 00 00 00 00 00 00 00 00 00 00 00 00 00 00 00 00 00 00 00 00 00|
INFOR[1695] omci.c:468 <- Tid(0x1232)|130@1(0x1)|MsgType(9)|size(001)|OutLow
|00 00 80 00 01 00 00 00 00 00 00 00 00 00 00 00 00 00 00 00 00 00 00 00 00 00 00 00 00 00 00 00|
INFOR[1691] omci.c:706 -> Tid(0x1233)|47@3(0x3)|MsgType(4)|DeviceID(0x0A)|AR|size(001)|low|
|00 01 03 01 01 01 00 00 00 01 00 01 00 00 00 00 00 00 00 00 00 00 00 00 00 00 00 00 00 00 00 00|
INFOR[1695] omci.c:468 <- Tid(0x1233)|47@3(0x3)|MsgType(4)|size(001)|OutLow
|00 00 00 00 00 00 00 00 00 00 00 00 00 00 00 00 00 00 00 00 00 00 00 00 00 00 00 00 00 00 00 00|
INFOR[1691] omci.c:706 -> Tid(0x1234)|47@3(0x3)|MsgType(9)|DeviceID(0x0A)|AR|size(001)|low|
|80 00 00 00 00 00 00 00 00 00 00 00 00 00 00 00 00 00 00 00 00 00 00 00 00 00 00 00 00 00 00 00|
INFOR[1695] omci.c:468 <- Tid(0x1234)|47@3(0x3)|MsgType(9)|size(001)|OutLow
|00 80 00 00 01 00 00 00 00 00 00 00 00 00 00 00 00 00 00 00 00 00 00 00 00 00 00 00 00 00 00 00|
INFOR[1691] omci.c:706 -> Tid(0x1235)|47@3(0x3)|MsgType(9)|DeviceID(0x0A)|AR|size(001)|low|
|40 00 00 00 00 00 00 00 00 00 00 00 00 00 00 00 00 00 00 00 00 00 00 00 00 00 00 00 00 00 00 00|
INFOR[1695] omci.c:468 <- Tid(0x1235)|47@3(0x3)|MsgType(9)|size(001)|OutLow
|00 40 00 03 00 00 00 00 00 00 00 00 00 00 00 00 00 00 00 00 00 00 00 00 00 00 00 00 00 00 00 00|
INFOR[1691] omci.c:706 -> Tid(0x1236)|47@3(0x3)|MsgType(9)|DeviceID(0x0A)|AR|size(001)|low|
|20 00 00 00 00 00 00 00 00 00 00 00 00 00 00 00 00 00 00 00 00 00 00 00 00 00 00 00 00 00 00 00|
INFOR[1695] omci.c:468 <- Tid(0x1236)|47@3(0x3)|MsgType(9)|size(001)|OutLow
|00 20 00 01 00 00 00 00 00 00 00 00 00 00 00 00 00 00 00 00 00 00 00 00 00 00 00 00 00 00 00 00|
INFOR[1691] omci.c:706 -> Tid(0x1237)|47@3(0x3)|MsgType(9)|DeviceID(0x0A)|AR|size(001)|low|
|10 00 00 00 00 00 00 00 00 00 00 00 00 00 00 00 00 00 00 00 00 00 00 00 00 00 00 00 00 00 00 00|
INFOR[1695] omci.c:468 <- Tid(0x1237)|47@3(0x3)|MsgType(9)|size(001)|OutLow
|00 10 00 01 01 00 00 00 00 00 00 00 00 00 00 00 00 00 00 00 00 00 00 00 00 00 00 00 00 00 00 00|
INFOR[1691] omci.c:706 -> Tid(0x1238)|171@1(0x1)|MsgType(4)|DeviceID(0x0A)|AR|size(001)|low|
|02 01 01 00 00 00 00 00 00 00 00 00 00 00 00 00 00 00 00 00 00 00 00 00 00 00 00 00 00 00 00 00|
INFOR[1695] omci.c:468 <- Tid(0x1238)|171@1(0x1)|MsgType(4)|size(001)|OutLow
|00 00 00 00 00 00 00 00 00 00 00 00 00 00 00 00 00 00 00 00 00 00 00 00 00 00 00 00 00 00 00 00|
INFOR[1691] omci.c:706 -> Tid(0x1239)|171@1(0x1)|MsgType(9)|DeviceID(0x0A)|AR|size(001)|low|
|02 00 00 00 00 00 00 00 00 00 00 00 00 00 00 00 00 00 00 00 00 00 00 00 00 00 00 00 00 00 00 00|
INFOR[1695] omci.c:468 <- Tid(0x1239)|171@1(0x1)|MsgType(9)|size(001)|OutLow
|00 02 00 01 01 00 00 00 00 00 00 00 00 00 00 00 00 00 00 00 00 00 00 00 00 00 00 00 00 00 00 00|
INFOR[1691] omci.c:706 -> Tid(0x123a)|171@1(0x1)|MsgType(8)|DeviceID(0x0A)|AR|size(001)|low|
|38 00 81 00 88 a8 00 00 00 00 00 00 00 00 00 00 00 00 00 00 00 00 00 00 00 00 00 00 00 00 00 00|
INFOR[1695] omci.c:468 <- Tid(0x123a)|171@1(0x1)|MsgType(8)|size(001)|OutLow
|00 00 00 00 00 00 00 00 00 00 00 00 00 00 00 00 00 00 00 00 00 00 00 00 00 00 00 00 00 00 00 00|
INFOR[1691] omci.c:706 -> Tid(0x123b)|171@1(0x1)|MsgType(9)|DeviceID(0x0A)|AR|size(001)|low|
|20 00 00 00 00 00 00 00 00 00 00 00 00 00 00 00 00 00 00 00 00 00 00 00 00 00 00 00 00 00 00 00|
INFOR[1695] omci.c:468 <- Tid(0x123b)|171@1(0x1)|MsgType(9)|size(001)|OutLow
|00 20 00 81 00 00 00 00 00 00 00 00 00 00 00 00 00 00 00 00 00 00 00 00 00 00 00 00 00 00 00 00|
INFOR[1691] omci.c:706 -> Tid(0x123c)|171@1(0x1)|MsgType(9)|DeviceID(0x0A)|AR|size(001)|low|
|10 00 00 00 00 00 00 00 00 00 00 00 00 00 00 00 00 00 00 00 00 00 00 00 00 00 00 00 00 00 00 00|
INFOR[1695] omci.c:468 <- Tid(0x123c)|171@1(0x1)|MsgType(9)|size(001)|OutLow
|00 10 00 88 a8 00 00 00 00 00 00 00 00 00 00 00 00 00 00 00 00 00 00 00 00 00 00 00 00 00 00 00|
INFOR[1691] omci.c:706 -> Tid(0x123d)|171@1(0x1)|MsgType(9)|DeviceID(0x0A)|AR|size(001)|low|
|08 00 00 00 00 00 00 00 00 00 00 00 00 00 00 00 00 00 00 00 00 00 00 00 00 00 00 00 00 00 00 00|
INFOR[1695] omci.c:468 <- Tid(0x123d)|171@1(0x1)|MsgType(9)|size(001)|OutLow
|00 08 00 00 00 00 00 00 00 00 00 00 00 00 00 00 00 00 00 00 00 00 00 00 00 00 00 00 00 00 00 00|
INFOR[1691] omci.c:706 -> Tid(0x123e)|309@1(0x1)|MsgType(4)|DeviceID(0x0A)|AR|size(001)|low|
|03 00 00 00 00 00 00 00 00 00 00 00 00 00 00 00 00 00 00 00 00 00 00 00 00 00 00 00 00 00 00 00|
INFOR[1695] omci.c:468 <- Tid(0x123e)|309@1(0x1)|MsgType(4)|size(001)|OutLow
|00 00 00 00 00 00 00 00 00 00 00 00 00 00 00 00 00 00 00 00 00 00 00 00 00 00 00 00 00 00 00 00|
INFOR[1691] omci.c:706 -> Tid(0x123f)|309@1(0x1)|MsgType(8)|DeviceID(0x0A)|AR|size(001)|low|
|02 00 40 00 0f ff 07 ff 80 00 00 01 e0 04 05 01 e0 04 05 01 00 00 00 00 00 00 00 00 00 00 00 00|
INFOR[1695] omci.c:468 <- Tid(0x123f)|309@1(0x1)|MsgType(8)|size(001)|OutLow
|00 00 00 00 00 00 00 00 00 00 00 00 00 00 00 00 00 00 00 00 00 00 00 00 00 00 00 00 00 00 00 00|
INFOR[1691] omci.c:706 -> Tid(0x1240)|309@1(0x1)|MsgType(9)|DeviceID(0x0A)|AR|size(001)|low|
|02 00 00 00 00 00 00 00 00 00 00 00 00 00 00 00 00 00 00 00 00 00 00 00 00 00 00 00 00 00 00 00|
INFOR[1695] omci.c:468 <- Tid(0x1240)|309@1(0x1)|MsgType(9)|size(001)|OutLow
|00 02 00 00 00 00 18 00 00 00 00 00 00 00 00 00 00 00 00 00 00 00 00 00 00 00 00 00 00 00 00 00|
INFOR[1691] omci.c:706 -> Tid(0x1241)|309@1(0x1)|MsgType(26)|DeviceID(0x0A)|AR|size(001)|low|
|02 00 00 00 00 00 00 00 00 00 00 00 00 00 00 00 00 00 00 00 00 00 00 00 00 00 00 00 00 00 00 00|
INFOR[1695] omci.c:468 <- Tid(0x1241)|309@1(0x1)|MsgType(26)|size(001)|OutLow
|00 02 00 00 00 0f ff 07 ff 80 00 00 01 e0 04 05 01 e0 04 05 01 00 00 00 00 00 00 00 00 00 00 00|
INFOR[1691] omci.c:706 -> Tid(0x1242)|309@1(0x1)|MsgType(8)|DeviceID(0x0A)|AR|size(001)|low|
|02 00 40 01 0f ff 07 ff 80 00 00 03 e0 04 05 03 e0 04 05 03 00 00 00 00 00 00 00 00 00 00 00 00|
INFOR[1695] omci.c:468 <- Tid(0x1242)|309@1(0x1)|MsgType(8)|size(001)|OutLow
|00 00 00 00 00 00 00 00 00 00 00 00 00 00 00 00 00 00 00 00 00 00 00 00 00 00 00 00 00 00 00 00|
INFOR[1691] omci.c:706 -> Tid(0x1243)|309@1(0x1)|MsgType(9)|DeviceID(0x0A)|AR|size(001)|low|
|02 00 00 00 00 00 00 00 00 00 00 00 00 00 00 00 00 00 00 00 00 00 00 00 00 00 00 00 00 00 00 00|
INFOR[1695] omci.c:468 <- Tid(0x1243)|309@1(0x1)|MsgType(9)|size(001)|OutLow
|00 02 00 00 00 00 30 00 00 00 00 00 00 00 00 00 00 00 00 00 00 00 00 00 00 00 00 00 00 00 00 00|
INFOR[1691] omci.c:706 -> Tid(0x1244)|309@1(0x1)|MsgType(26)|DeviceID(0x0A)|AR|size(001)|low|
|02 00 00 00 00 00 00 00 00 00 00 00 00 00 00 00 00 00 00 00 00 00 00 00 00 00 00 00 00 00 00 00|
INFOR[1695] omci.c:468 <- Tid(0x1244)|309@1(0x1)|MsgType(26)|size(001)|OutLow
|00 02 00 00 00 0f ff 07 ff 80 00 00 01 e0 04 05 01 e0 04 05 01 00 00 00 00 00 00 00 01 0f ff 07|
INFOR[1691] omci.c:706 -> Tid(0x1245)|309@1(0x1)|MsgType(26)|DeviceID(0x0A)|AR|size(001)|low|
|02 00 00 01 00 00 00 00 00 00 00 00 00 00 00 00 00 00 00 00 00 00 00 00 00 00 00 00 00 00 00 00|
INFOR[1695] omci.c:468 <- Tid(0x1245)|309@1(0x1)|MsgType(26)|size(001)|OutLow
|00 02 00 ff 80 00 00 03 e0 04 05 03 e0 04 05 03 00 00 00 00 00 00 00 00 00 00 00 00 00 00 00 00|
INFOR[1691] omci.c:706 -> Tid(0x1246)|309@1(0x1)|MsgType(8)|DeviceID(0x0A)|AR|size(001)|low|
|02 00 40 02 0f ff 08 00 80 00 00 04 e0 04 05 05 e0 04 05 05 00 00 00 00 00 00 00 00 00 00 00 00|
INFOR[1695] omci.c:468 <- Tid(0x1246)|309@1(0x1)|MsgType(8)|size(001)|OutLow
|00 00 00 00 00 00 00 00 00 00 00 00 00 00 00 00 00 00 00 00 00 00 00 00 00 00 00 00 00 00 00 00|
INFOR[1691] omci.c:706 -> Tid(0x1247)|309@1(0x1)|MsgType(9)|DeviceID(0x0A)|AR|size(001)|low|
|02 00 00 00 00 00 00 00 00 00 00 00 00 00 00 00 00 00 00 00 00 00 00 00 00 00 00 00 00 00 00 00|
INFOR[1695] omci.c:468 <- Tid(0x1247)|309@1(0x1)|MsgType(9)|size(001)|OutLow
|00 02 00 00 00 00 48 00 00 00 00 00 00 00 00 00 00 00 00 00 00 00 00 00 00 00 00 00 00 00 00 00|
INFOR[1691] omci.c:706 -> Tid(0x1248)|309@1(0x1)|MsgType(26)|DeviceID(0x0A)|AR|size(001)|low|
|02 00 00 00 00 00 00 00 00 00 00 00 00 00 00 00 00 00 00 00 00 00 00 00 00 00 00 00 00 00 00 00|
INFOR[1695] omci.c:468 <- Tid(0x1248)|309@1(0x1)|MsgType(26)|size(001)|OutLow
|00 02 00 00 00 0f ff 07 ff 80 00 00 01 e0 04 05 01 e0 04 05 01 00 00 00 00 00 00 00 01 0f ff 07|
INFOR[1691] omci.c:706 -> Tid(0x1249)|309@1(0x1)|MsgType(26)|DeviceID(0x0A)|AR|size(001)|low|
|02 00 00 01 00 00 00 00 00 00 00 00 00 00 00 00 00 00 00 00 00 00 00 00 00 00 00 00 00 00 00 00|
INFOR[1695] omci.c:468 <- Tid(0x1249)|309@1(0x1)|MsgType(26)|size(001)|OutLow
|00 02 00 ff 80 00 00 03 e0 04 05 03 e0 04 05 03 00 00 00 00 00 00 00 02 0f ff 08 00 80 00 00 04|
INFOR[1691] omci.c:706 -> Tid(0x124a)|309@1(0x1)|MsgType(26)|DeviceID(0x0A)|AR|size(001)|low|
|02 00 00 02 00 00 00 00 00 00 00 00 00 00 00 00 00 00 00 00 00 00 00 00 00 00 00 00 00 00 00 00|
INFOR[1695] omci.c:468 <- Tid(0x124a)|309@1(0x1)|MsgType(26)|size(001)|OutLow
|00 02 00 e0 04 05 05 e0 04 05 05 00 00 00 00 00 00 00 00 00 00 00 00 00 00 00 00 00 00 00 00 00|
INFOR[1691] omci.c:706 -> Tid(0x124b)|310@3(0x3)|MsgType(4)|DeviceID(0x0A)|AR|size(001)|low|
|00 00 01 00 00 00 00 00 00 00 00 00 00 00 00 00 00 00 00 00 00 00 00 00 00 00 00 00 00 00 00 00|
INFOR[1695] omci.c:468 <- Tid(0x124b)|310@3(0x3)|MsgType(4)|size(001)|OutLow
|00 00 00 00 00 00 00 00 00 00 00 00 00 00 00 00 00 00 00 00 00 00 00 00 00 00 00 00 00 00 00 00|
INFOR[1691] omci.c:706 -> Tid(0x124c)|310@3(0x3)|MsgType(9)|DeviceID(0x0A)|AR|size(001)|low|
|40 00 00 00 00 00 00 00 00 00 00 00 00 00 00 00 00 00 00 00 00 00 00 00 00 00 00 00 00 00 00 00|
INFOR[1695] omci.c:468 <- Tid(0x124c)|310@3(0x3)|MsgType(9)|size(001)|OutLow
|00 40 00 00 01 00 00 00 00 00 00 00 00 00 00 00 00 00 00 00 00 00 00 00 00 00 00 00 00 00 00 00|
INFOR[1691] omci.c:706 -> Tid(0x124d)|11@257(0x101)|MsgType(8)|DeviceID(0x0A)|AR|size(001)|low|
|08 00 00 00 00 00 00 00 00 00 00 00 00 00 00 00 00 00 00 00 00 00 00 00 00 00 00 00 00 00 00 00|
INFOR[1695] omci.c:468 <- Tid(0x124d)|11@257(0x101)|MsgType(8)|size(001)|OutLow
|00 00 00 00 00 00 00 00 00 00 00 00 00 00 00 00 00 00 00 00 00 00 00 00 00 00 00 00 00 00 00 00|
INFOR[1691] omci.c:706 -> Tid(0x124e)|11@257(0x101)|MsgType(9)|DeviceID(0x0A)|AR|size(001)|low|
|08 00 00 00 00 00 00 00 00 00 00 00 00 00 00 00 00 00 00 00 00 00 00 00 00 00 00 00 00 00 00 00|
INFOR[1695] omci.c:468 <- Tid(0x124e)|11@257(0x101)|MsgType(9)|size(001)|OutLow
|00 08 00 00 00 00 00 00 00 00 00 00 00 00 00 00 00 00 00 00 00 00 00 00 00 00 00 00 00 00 00 00|
INFOR[1695] omci.c:468 <- Tid(0x0)|11@257(0x101)|MsgType(16)|size(001)|OutLow
|80 00 00 00 00 00 00 00 00 00 00 00 00 00 00 00 00 00 00 00 00 00 00 00 00 00 00 00 00 00 00 01|
INFOR[1695] omci.c:468 <- Tid(0x0)|11@257(0x101)|MsgType(16)|size(001)|OutLow
|00 00 00 00 00 00 00 00 00 00 00 00 00 00 00 00 00 00 00 00 00 00 00 00 00 00 00 00 00 00 00 02|